[gd_scene load_steps=9 format=2]

[ext_resource path="res://Scènes/VueGenerique.tscn" type="PackedScene" id=1]
[ext_resource path="res://materials et shaders/Poo.tres" type="Material" id=2]
[ext_resource path="res://Scènes/Building/production/WaterRecycler.tscn" type="PackedScene" id=3]
[ext_resource path="res://Scènes/Building/production/OxyRecycler.tscn" type="PackedScene" id=4]
[ext_resource path="res://Scènes/Building/production/GeothermicElectricityProduction.tscn" type="PackedScene" id=5]
[ext_resource path="res://Scènes/Building/production/SolarElectricityProduction.tscn" type="PackedScene" id=7]

[sub_resource type="QuadMesh" id=1]
size = Vector2( 500, 500 )

[sub_resource type="BoxShape" id=2]
extents = Vector3( 50, 50, 0.1 )

[node name="Base" instance=ExtResource( 1 )]

[node name="Sol" parent="." index="0"]
transform = Transform( 10, 0, 0, 0, -4.37114e-07, 1, 0, -10, -4.37114e-08, 0, 0, 0 )
visible = false

[node name="Batiment" parent="." index="1"]
visible = false

[node name="Terre" type="MeshInstance" parent="." index="2"]
transform = Transform( 1, 0, 0, 0, -4.37114e-08, 1, 0, -1, -4.37114e-08, 0, 0, 0 )
mesh = SubResource( 1 )
material/0 = ExtResource( 2 )

[node name="StaticBody" type="StaticBody" parent="Terre" index="0"]
collision_layer = 2
collision_mask = 2

[node name="CollisionShape" type="CollisionShape" parent="Terre/StaticBody" index="0"]
shape = SubResource( 2 )

[node name="OxyRecycler" parent="." index="3" instance=ExtResource( 4 )]
transform = Transform( 0.650297, 0, 0.75968, 0, 1, 0, -0.75968, 0, 0.650297, 6.41526, 0.17355, 0.279144 )

[node name="WaterRecycler" parent="." index="4" instance=ExtResource( 3 )]
transform = Transform( 0.885856, 0, 0.463961, 0, 1, 0, -0.463961, 0, 0.885856, 13.6135, 0.5, 9.43909 )

[node name="GeothermicElectricityProduction" parent="." index="5" instance=ExtResource( 5 )]
transform = Transform( 0.977287, 0, 0.211922, 0, 1, 0, -0.211922, 0, 0.977287, 15.9302, 0.100019, 18.6195 )

[node name="SolarElectricityProduction" parent="." index="6" instance=ExtResource( 7 )]
transform = Transform( -0.004311, 0, 0.999991, 0, 1, 0, -0.999991, 0, -0.004311, -9.17711, 0.100032, -5.9502 )
